16.1 0.017036037519574165 0.006957377772778273 7154.26513671875 0.019017666578292847 0.02436618134379387 0.01125163584947586 0.007042565383017063 0.006733329501003027 0.006889909040182829 136338528.0 42836236.0 134524912.0
12.7 0.014443900436162949 0.008218756876885891 7546.37646484375 0.01829681359231472 0.01754712127149105 0.01110683660954237 0.009753107093274593 0.006442127283662558 0.007177291437983513 90704712.0 51129820.0 129167008.0
4.5 0.01724563166499138 0.004898380488157272 19270.859375 0.01842118427157402 0.018163396045565605 0.007265504449605942 0.0048749796114861965 0.0043741739355027676 0.0056226239539682865 599715328.0 28613708.0 60738980.0
7.6 0.01484039705246687 0.005223801825195551 17231.791015625 0.015527434647083282 0.02327731065452099 0.01199404988437891 0.005040073301643133 0.0058298069052398205 0.006258707027882338 336300928.0 37394068.0 80765816.0
16.1 0.0008902039262466133 0.0004862016357947141 9130.009765625 0.0020497289951890707 0.0021528108045458794 0.0008855602936819196 0.0008107118192128837 0.0019043657230213284 0.0005335514433681965 50601140.0 19050000.0 64562000.0
12.7 0.0015550329117104411 0.0013108938001096249 7165.15380859375 0.004257828462868929 0.002521412679925561 0.0016529611311852932 0.0019517040345817804 0.0013384807389229536 0.0006723572150804102 29257012.0 21186536.0 46389892.0
4.5 0.001806790241971612 0.0014178685378283262 3317.87841796875 0.002305442001670599 0.0022128766868263483 0.0012426715111359954 0.0016456958837807178 0.0009625665843486786 0.0006289731245487928 83931728.0 18992840.0 41580900.0
7.6 0.0013861830811947584 0.0009891788940876722 4641.33984375 0.0012106772046536207 0.008283835835754871 0.0012568130623549223 0.0014318421017378569 0.0021932267118245363 0.000565233058296144 79850792.0 16250950.0 70574696.0
16.1 0.0019054850563406944 0.0005730027332901955 6627.53173828125 0.003118921769782901 0.0017346006352454424 0.0008195340051315725 0.0010315522085875273 0.001249594264663756 0.000501717091538012 48947952.0 18528184.0 38698912.0
12.7 0.002378922188654542 0.0011640918673947453 6776.03955078125 0.0051413001492619514 0.0032118866220116615 0.0011113492073491216 0.001848956337198615 0.0011595672694966197 0.0005640068557113409 29624372.0 20433470.0 38522272.0
4.5 0.0004926341935060918 0.0015378334792330861 3445.774658203125 0.00061435392126441 0.002738334471359849 0.0017365972744300961 0.001712375320494175 0.0009926218772307038 0.0007221470586955547 90648736.0 18511452.0 36330224.0
7.6 0.000806738156825304 0.0012682618107646704 4561.2841796875 0.0016661202535033226 0.00598376989364624 0.0007014452130533755 0.0017180995782837272 0.0015319596277549863 0.0005971601931378245 67289808.0 16095875.0 44740236.0
16.1 0.002311169169843197 0.0005338296759873629 6599.73193359375 0.0036604066845029593 0.001823466969653964 0.0008362060762010515 0.0009744997951202095 0.0013805043417960405 0.000493741943500936 48517468.0 18534312.0 39290508.0
12.7 0.0027372518088668585 0.0012516991700977087 6776.04541015625 0.005672348663210869 0.0035489096771925688 0.001019671792164445 0.0019628447480499744 0.001303525292314589 0.000580742082092911 29584634.0 20458960.0 38604604.0
4.5 0.0005108340992592275 0.0014360356144607067 3304.933837890625 0.0005663868505507708 0.0029033117461949587 0.0017807489493861794 0.0016075787134468555 0.0009898316347971559 0.0006927256472408772 86693456.0 18382800.0 36578464.0
7.6 0.0011197490384802222 0.0011789014097303152 4577.216796875 0.002086590277031064 0.005763502791523933 0.0006752030458301306 0.0016233569476753473 0.0016063959337770939 0.0005567174521274865 68436432.0 16113443.0 45815092.0
16.1 0.002366564469411969 0.0005355745670385659 6610.12255859375 0.003730104537680745 0.0018419671105220914 0.0008449791348539293 0.0009805894223973155 0.0013714961241930723 0.0004938154015690088 48462512.0 18571724.0 39527008.0
12.7 0.0027856407687067986 0.001252784626558423 6778.9912109375 0.005750489421188831 0.003574209287762642 0.001006744452752173 0.0019634992349892855 0.0013095256872475147 0.0005803254316560924 29593128.0 20420508.0 38637680.0
4.5 0.0005368797574192286 0.0014526217710226774 3314.7216796875 0.0005651381798088551 0.002930385060608387 0.0018009862396866083 0.001624695840291679 0.0009941923199221492 0.0006940200109966099 86858168.0 18398352.0 36614800.0
7.6 0.0011826737318187952 0.0011840608203783631 4569.6591796875 0.0021641713101416826 0.005738259758800268 0.0006672883755527437 0.001630648854188621 0.0016059837071225047 0.0005539092235267162 68290648.0 16116669.0 46151788.0
16.1 0.0019054850563406944 0.0005730027332901955 6627.53173828125 0.003118921769782901 0.0017346006352454424 0.0008195340051315725 0.0010315522085875273 0.001249594264663756 0.000501717091538012 48947952.0 18528184.0 38698912.0
12.7 0.002378922188654542 0.0011640918673947453 6776.03955078125 0.0051413001492619514 0.0032118866220116615 0.0011113492073491216 0.001848956337198615 0.0011595672694966197 0.0005640068557113409 29624372.0 20433470.0 38522272.0
4.5 0.0004926341935060918 0.0015378334792330861 3445.774658203125 0.00061435392126441 0.002738334471359849 0.0017365972744300961 0.001712375320494175 0.0009926218772307038 0.0007221470586955547 90648736.0 18511452.0 36330224.0
7.6 0.000806738156825304 0.0012682618107646704 4561.2841796875 0.0016661202535033226 0.00598376989364624 0.0007014452130533755 0.0017180995782837272 0.0015319596277549863 0.0005971601931378245 67289808.0 16095875.0 44740236.0
16.1 0.0019054850563406944 0.0005730027332901955 6627.53173828125 0.003118921769782901 0.0017346006352454424 0.0008195340051315725 0.0010315522085875273 0.001249594264663756 0.000501717091538012 48947952.0 18528184.0 38698912.0
12.7 0.002378922188654542 0.0011640918673947453 6776.03955078125 0.0051413001492619514 0.0032118866220116615 0.0011113492073491216 0.001848956337198615 0.0011595672694966197 0.0005640068557113409 29624372.0 20433470.0 38522272.0
4.5 0.0004926341935060918 0.0015378334792330861 3445.774658203125 0.00061435392126441 0.002738334471359849 0.0017365972744300961 0.001712375320494175 0.0009926218772307038 0.0007221470586955547 90648736.0 18511452.0 36330224.0
7.6 0.000806738156825304 0.0012682618107646704 4561.2841796875 0.0016661202535033226 0.00598376989364624 0.0007014452130533755 0.0017180995782837272 0.0015319596277549863 0.0005971601931378245 67289808.0 16095875.0 44740236.0
16.1 0.0019054850563406944 0.0005730027332901955 6627.53173828125 0.003118921769782901 0.0017346006352454424 0.0008195340051315725 0.0010315522085875273 0.001249594264663756 0.000501717091538012 48947952.0 18528184.0 38698912.0
12.7 0.002378922188654542 0.0011640918673947453 6776.03955078125 0.0051413001492619514 0.0032118866220116615 0.0011113492073491216 0.001848956337198615 0.0011595672694966197 0.0005640068557113409 29624372.0 20433470.0 38522272.0
4.5 0.0004926341935060918 0.0015378334792330861 3445.774658203125 0.00061435392126441 0.002738334471359849 0.0017365972744300961 0.001712375320494175 0.0009926218772307038 0.0007221470586955547 90648736.0 18511452.0 36330224.0
7.6 0.000806738156825304 0.0012682618107646704 4561.2841796875 0.0016661202535033226 0.00598376989364624 0.0007014452130533755 0.0017180995782837272 0.0015319596277549863 0.0005971601931378245 67289808.0 16095875.0 44740236.0
16.1 0.0019054850563406944 0.0005730027332901955 6627.53173828125 0.003118921769782901 0.0017346006352454424 0.0008195340051315725 0.0010315522085875273 0.001249594264663756 0.000501717091538012 48947952.0 18528184.0 38698912.0
12.7 0.002378922188654542 0.0011640918673947453 6776.03955078125 0.0051413001492619514 0.0032118866220116615 0.0011113492073491216 0.001848956337198615 0.0011595672694966197 0.0005640068557113409 29624372.0 20433470.0 38522272.0
4.5 0.0004926341935060918 0.0015378334792330861 3445.774658203125 0.00061435392126441 0.002738334471359849 0.0017365972744300961 0.001712375320494175 0.0009926218772307038 0.0007221470586955547 90648736.0 18511452.0 36330224.0
7.6 0.000806738156825304 0.0012682618107646704 4561.2841796875 0.0016661202535033226 0.00598376989364624 0.0007014452130533755 0.0017180995782837272 0.0015319596277549863 0.0005971601931378245 67289808.0 16095875.0 44740236.0
16.1 0.0019054850563406944 0.0005730027332901955 6627.53173828125 0.003118921769782901 0.0017346006352454424 0.0008195340051315725 0.0010315522085875273 0.001249594264663756 0.000501717091538012 48947952.0 18528184.0 38698912.0
12.7 0.002378922188654542 0.0011640918673947453 6776.03955078125 0.0051413001492619514 0.0032118866220116615 0.0011113492073491216 0.001848956337198615 0.0011595672694966197 0.0005640068557113409 29624372.0 20433470.0 38522272.0
4.5 0.0004926341935060918 0.0015378334792330861 3445.774658203125 0.00061435392126441 0.002738334471359849 0.0017365972744300961 0.001712375320494175 0.0009926218772307038 0.0007221470586955547 90648736.0 18511452.0 36330224.0
7.6 0.000806738156825304 0.0012682618107646704 4561.2841796875 0.0016661202535033226 0.00598376989364624 0.0007014452130533755 0.0017180995782837272 0.0015319596277549863 0.0005971601931378245 67289808.0 16095875.0 44740236.0
16.1 0.0019054850563406944 0.0005730027332901955 6627.53173828125 0.003118921769782901 0.0017346006352454424 0.0008195340051315725 0.0010315522085875273 0.001249594264663756 0.000501717091538012 48947952.0 18528184.0 38698912.0
12.7 0.002378922188654542 0.0011640918673947453 6776.03955078125 0.0051413001492619514 0.0032118866220116615 0.0011113492073491216 0.001848956337198615 0.0011595672694966197 0.0005640068557113409 29624372.0 20433470.0 38522272.0
4.5 0.0004926341935060918 0.0015378334792330861 3445.774658203125 0.00061435392126441 0.002738334471359849 0.0017365972744300961 0.001712375320494175 0.0009926218772307038 0.0007221470586955547 90648736.0 18511452.0 36330224.0
7.6 0.000806738156825304 0.0012682618107646704 4561.2841796875 0.0016661202535033226 0.00598376989364624 0.0007014452130533755 0.0017180995782837272 0.0015319596277549863 0.0005971601931378245 67289808.0 16095875.0 44740236.0
16.1 0.0019054850563406944 0.0005730027332901955 6627.53173828125 0.003118921769782901 0.0017346006352454424 0.0008195340051315725 0.0010315522085875273 0.001249594264663756 0.000501717091538012 48947952.0 18528184.0 38698912.0
12.7 0.002378922188654542 0.0011640918673947453 6776.03955078125 0.0051413001492619514 0.0032118866220116615 0.0011113492073491216 0.001848956337198615 0.0011595672694966197 0.0005640068557113409 29624372.0 20433470.0 38522272.0
4.5 0.0004926341935060918 0.0015378334792330861 3445.774658203125 0.00061435392126441 0.002738334471359849 0.0017365972744300961 0.001712375320494175 0.0009926218772307038 0.0007221470586955547 90648736.0 18511452.0 36330224.0
7.6 0.000806738156825304 0.0012682618107646704 4561.2841796875 0.0016661202535033226 0.00598376989364624 0.0007014452130533755 0.0017180995782837272 0.0015319596277549863 0.0005971601931378245 67289808.0 16095875.0 44740236.0
16.1 0.0019054850563406944 0.0005730027332901955 6627.53173828125 0.003118921769782901 0.0017346006352454424 0.0008195340051315725 0.0010315522085875273 0.001249594264663756 0.000501717091538012 48947952.0 18528184.0 38698912.0
12.7 0.002378922188654542 0.0011640918673947453 6776.03955078125 0.0051413001492619514 0.0032118866220116615 0.0011113492073491216 0.001848956337198615 0.0011595672694966197 0.0005640068557113409 29624372.0 20433470.0 38522272.0
4.5 0.0004926341935060918 0.0015378334792330861 3445.774658203125 0.00061435392126441 0.002738334471359849 0.0017365972744300961 0.001712375320494175 0.0009926218772307038 0.0007221470586955547 90648736.0 18511452.0 36330224.0
16.1 0.0019054850563406944 0.0005730027332901955 6627.53173828125 0.003118921769782901 0.0017346006352454424 0.0008195340051315725 0.0010315522085875273 0.001249594264663756 0.000501717091538012 48947952.0 18528184.0 38698912.0
16.1 0.0019054850563406944 0.0005730027332901955 6627.53173828125 0.003118921769782901 0.0017346006352454424 0.0008195340051315725 0.0010315522085875273 0.001249594264663756 0.000501717091538012 48947952.0 18528184.0 38698912.0
16.1 0.0019054850563406944 0.0005730027332901955 6627.53173828125 0.003118921769782901 0.0017346006352454424 0.0008195340051315725 0.0010315522085875273 0.001249594264663756 0.000501717091538012 48947952.0 18528184.0 38698912.0
16.1 0.0019054850563406944 0.0005730027332901955 6627.53173828125 0.003118921769782901 0.0017346006352454424 0.0008195340051315725 0.0010315522085875273 0.001249594264663756 0.000501717091538012 48947952.0 18528184.0 38698912.0
16.1 0.0019054850563406944 0.0005730027332901955 6627.53173828125 0.003118921769782901 0.0017346006352454424 0.0008195340051315725 0.0010315522085875273 0.001249594264663756 0.000501717091538012 48947952.0 18528184.0 38698912.0
16.1 0.0019054850563406944 0.0005730027332901955 6627.53173828125 0.003118921769782901 0.0017346006352454424 0.0008195340051315725 0.0010315522085875273 0.001249594264663756 0.000501717091538012 48947952.0 18528184.0 38698912.0
16.1 0.0019054850563406944 0.0005730027332901955 6627.53173828125 0.003118921769782901 0.0017346006352454424 0.0008195340051315725 0.0010315522085875273 0.001249594264663756 0.000501717091538012 48947952.0 18528184.0 38698912.0
16.1 0.0019054850563406944 0.0005730027332901955 6627.53173828125 0.003118921769782901 0.0017346006352454424 0.0008195340051315725 0.0010315522085875273 0.001249594264663756 0.000501717091538012 48947952.0 18528184.0 38698912.0
12.7 0.002378922188654542 0.0011640918673947453 6776.03955078125 0.0051413001492619514 0.0032118866220116615 0.0011113492073491216 0.001848956337198615 0.0011595672694966197 0.0005640068557113409 29624372.0 20433470.0 38522272.0
4.5 0.0004926341935060918 0.0015378334792330861 3445.774658203125 0.00061435392126441 0.002738334471359849 0.0017365972744300961 0.001712375320494175 0.0009926218772307038 0.0007221470586955547 90648736.0 18511452.0 36330224.0
7.6 0.000806738156825304 0.0012682618107646704 4561.2841796875 0.0016661202535033226 0.00598376989364624 0.0007014452130533755 0.0017180995782837272 0.0015319596277549863 0.0005971601931378245 67289808.0 16095875.0 44740236.0
16.1 0.0019054850563406944 0.0005730027332901955 6627.53173828125 0.003118921769782901 0.0017346006352454424 0.0008195340051315725 0.0010315522085875273 0.001249594264663756 0.000501717091538012 48947952.0 18528184.0 38698912.0
12.7 0.002378922188654542 0.0011640918673947453 6776.03955078125 0.0051413001492619514 0.0032118866220116615 0.0011113492073491216 0.001848956337198615 0.0011595672694966197 0.0005640068557113409 29624372.0 20433470.0 38522272.0
16.1 0.0019054850563406944 0.0005730027332901955 6627.53173828125 0.003118921769782901 0.0017346006352454424 0.0008195340051315725 0.0010315522085875273 0.001249594264663756 0.000501717091538012 48947952.0 18528184.0 38698912.0
12.7 0.002378922188654542 0.0011640918673947453 6776.03955078125 0.0051413001492619514 0.0032118866220116615 0.0011113492073491216 0.001848956337198615 0.0011595672694966197 0.0005640068557113409 29624372.0 20433470.0 38522272.0
4.5 0.0004926341935060918 0.0015378334792330861 3445.774658203125 0.00061435392126441 0.002738334471359849 0.0017365972744300961 0.001712375320494175 0.0009926218772307038 0.0007221470586955547 90648736.0 18511452.0 36330224.0
7.6 0.000806738156825304 0.0012682618107646704 4561.2841796875 0.0016661202535033226 0.00598376989364624 0.0007014452130533755 0.0017180995782837272 0.0015319596277549863 0.0005971601931378245 67289808.0 16095875.0 44740236.0
16.1 0.0019054850563406944 0.0005730027332901955 6627.53173828125 0.003118921769782901 0.0017346006352454424 0.0008195340051315725 0.0010315522085875273 0.001249594264663756 0.000501717091538012 48947952.0 18528184.0 38698912.0
16.1 0.0019054850563406944 0.0005730027332901955 6627.53173828125 0.003118921769782901 0.0017346006352454424 0.0008195340051315725 0.0010315522085875273 0.001249594264663756 0.000501717091538012 48947952.0 18528184.0 38698912.0
12.7 0.002378922188654542 0.0011640918673947453 6776.03955078125 0.0051413001492619514 0.0032118866220116615 0.0011113492073491216 0.001848956337198615 0.0011595672694966197 0.0005640068557113409 29624372.0 20433470.0 38522272.0
4.5 0.0004926341935060918 0.0015378334792330861 3445.774658203125 0.00061435392126441 0.002738334471359849 0.0017365972744300961 0.001712375320494175 0.0009926218772307038 0.0007221470586955547 90648736.0 18511452.0 36330224.0
7.6 0.000806738156825304 0.0012682618107646704 4561.2841796875 0.0016661202535033226 0.00598376989364624 0.0007014452130533755 0.0017180995782837272 0.0015319596277549863 0.0005971601931378245 67289808.0 16095875.0 44740236.0
16.1 0.0019054850563406944 0.0005730027332901955 0.04840274155139923 0.003118921769782901 0.0017346006352454424 0.0008195340051315725 0.0010315522085875273 0.001249594264663756 0.000501717091538012 0.06879340659384944 0.04825482160938818 0.12459663677122526
16.1 0.0019054850563406944 0.0005730027332901955 0.04840274155139923 0.003118921769782901 0.0017346006352454424 0.0008195340051315725 0.0010315522085875273 0.001249594264663756 0.000501717091538012 0.06879340659384944 0.04825482160938818 0.12459663677122526
16.1 0.0019054850563406944 0.0005730027332901955 0.2486700415611267 0.003118921769782901 0.0017346006352454424 0.0008195340051315725 0.0010315522085875273 0.001249594264663756 0.000501717091538012 0.06879378797402652 0.04825487449744674 0.12459615237008137
16.1 0.0019054850563406944 0.0005730027332901955 0.2486686354119243 0.003118921769782901 0.0017346006352454424 0.0008195340051315725 0.0010315522085875273 0.001249594264663756 0.000501717091538012 0.06879378797402652 0.04825487449744674 0.12459615237008137
16.1 0.0019054850563406944 0.0005730027332901955 0.2486686354119243 0.003118921769782901 0.0017346006352454424 0.0008195340051315725 0.0010315522085875273 0.001249594264663756 0.000501717091538012 0.06879378797402652 0.04825487449744674 0.12459615237008137
16.1 0.0019054850563406944 0.0005730027332901955 0.04840289849795191 0.003118921769782901 0.0017346006352454424 0.0008195340051315725 0.0010315522085875273 0.001249594264663756 0.000501717091538012 0.06879378797402652 0.04825487449744674 0.12459615237008137
16.1 0.0019054850563406944 0.0005730027332901955 0.04840289849795191 0.003118921769782901 0.0017346006352454424 0.0008195340051315725 0.0010315522085875273 0.001249594264663756 0.000501717091538012 0.06879378797402652 0.04825487449744674 0.12459615237008137
12.7 0.002378922188654542 0.0011640918673947453 0.02784917659600673 0.0051413001492619514 0.0032118866220116615 0.0011113492073491216 0.001848956337198615 0.0011595672694966197 0.0005640068557113409 0.02357594020397091 0.05321678755381218 0.12402743484319416
4.5 0.0004926341935060918 0.0015378334792330861 0.017132074721951936 0.00061435392126441 0.002738334471359849 0.0017365972744300961 0.001712375320494175 0.0009926218772307038 0.0007221470586955547 0.01732392370746261 0.04821097721497274 0.11696927118953226
7.6 0.000806738156825304 0.0012682618107646704 0.024255158574041574 0.0016661202535033226 0.00598376989364624 0.0007014452130533755 0.0017180995782837272 0.0015319596277549863 0.0005971601931378245 0.02597530220136335 0.04192017127378449 0.1440468192956655
16.1 0.0019054850563406944 0.0005730027332901955 0.04840289849795191 0.003118921769782901 0.0017346006352454424 0.0008195340051315725 0.0010315522085875273 0.001249594264663756 0.000501717091538012 0.06879378797402652 0.04825487449744674 0.12459615237008137
16.1 0.0019054850563406944 0.0005730027332901955 0.04840289849795191 0.003118921769782901 0.0017346006352454424 0.0008195340051315725 0.0010315522085875273 0.001249594264663756 0.000501717091538012 0.06879378797402652 0.04825487449744674 0.12459615237008137
16.1 0.0019054850563406944 0.0005730027332901955 0.04840289849795191 0.003118921769782901 0.0017346006352454424 0.0008195340051315725 0.0010315522085875273 0.001249594264663756 0.000501717091538012 0.06879378797402652 0.04825487449744674 0.12459615237008137
16.1 0.0019054850563406944 0.0005730027332901955 0.04840289849795191 0.003118921769782901 0.0017346006352454424 0.0008195340051315725 0.0010315522085875273 0.001249594264663756 0.000501717091538012 0.06879378797402652 0.04825487449744674 0.12459615237008137
16.1 0.0019054850563406944 0.0005730027332901955 0.04840289849795191 0.003118921769782901 0.0017346006352454424 0.0008195340051315725 0.0010315522085875273 0.001249594264663756 0.000501717091538012 0.06879378797402652 0.04825487449744674 0.12459615237008137
16.1 0.0019054850563406944 0.0005730027332901955 0.04840289849795191 0.003118921769782901 0.0017346006352454424 0.0008195340051315725 0.0010315522085875273 0.001249594264663756 0.000501717091538012 0.06879378797402652 0.04825487449744674 0.12459615237008137
16.1 0.0019054850563406944 0.0005730027332901955 0.04840289849795191 0.003118921769782901 0.0017346006352454424 0.0008195340051315725 0.0010315522085875273 0.001249594264663756 0.000501717091538012 0.06879378797402652 0.04825487449744674 0.12459615237008137
16.1 0.0019054850563406944 0.0005730027332901955 0.04840289849795191 0.003118921769782901 0.0017346006352454424 0.0008195340051315725 0.0010315522085875273 0.001249594264663756 0.000501717091538012 0.06879378797402652 0.04825487449744674 0.12459615237008137
16.1 0.0019054850563406944 0.0005730027332901955 0.04840289849795191 0.003118921769782901 0.0017346006352454424 0.0008195340051315725 0.0010315522085875273 0.001249594264663756 0.000501717091538012 0.06879378797402652 0.04825487449744674 0.12459615237008137
12.7 0.002378922188654542 0.0011640918673947453 0.02784917659600673 0.0051413001492619514 0.0032118866220116615 0.0011113492073491216 0.001848956337198615 0.0011595672694966197 0.0005640068557113409 0.02357594020397091 0.05321678755381218 0.12402743484319416
4.5 0.0004926341935060918 0.0015378334792330861 0.017132074721951936 0.00061435392126441 0.002738334471359849 0.0017365972744300961 0.001712375320494175 0.0009926218772307038 0.0007221470586955547 0.01732392370746261 0.04821097721497274 0.11696927118953226
7.6 0.000806738156825304 0.0012682618107646704 0.024255158574041574 0.0016661202535033226 0.00598376989364624 0.0007014452130533755 0.0017180995782837272 0.0015319596277549863 0.0005971601931378245 0.02597530220136335 0.04192017127378449 0.1440468192956655
16.1 0.0019054850563406944 0.0005730027332901955 0.04840289849795191 0.003118921769782901 0.0017346006352454424 0.0008195340051315725 0.0010315522085875273 0.001249594264663756 0.000501717091538012 0.06879378797402652 0.04825487449744674 0.12459615237008137
12.7 0.002378922188654542 0.0011640918673947453 0.02784917659600673 0.0051413001492619514 0.0032118866220116615 0.0011113492073491216 0.001848956337198615 0.0011595672694966197 0.0005640068557113409 0.02357594020397091 0.05321678755381218 0.12402743484319416
4.5 0.0004926341935060918 0.0015378334792330861 0.017132074721951936 0.00061435392126441 0.002738334471359849 0.0017365972744300961 0.001712375320494175 0.0009926218772307038 0.0007221470586955547 0.01732392370746261 0.04821097721497274 0.11696927118953226
7.6 0.000806738156825304 0.0012682618107646704 0.024255158574041574 0.0016661202535033226 0.00598376989364624 0.0007014452130533755 0.0017180995782837272 0.0015319596277549863 0.0005971601931378245 0.02597530220136335 0.04192017127378449 0.1440468192956655
16.1 0.0008902039262466133 0.0004862016357947141 0.0666789330905793 0.0020497289951890707 0.0021528108045458794 0.0008855602936819196 0.0008107118192128837 0.0019043657230213284 0.0005335514433681965 0.07111741505947024 0.04961387675767249 0.20786503621865535
12.7 0.0015550329117104411 0.0013108938001096249 0.029448465455738457 0.004257828462868929 0.002521412679925561 0.0016529611311852932 0.0019517040345817804 0.0013384807389229536 0.0006723572150804102 0.02328325258796241 0.055178217343694234 0.14935867396590496
4.5 0.001806790241971612 0.0014178685378283262 0.016496152035416784 0.002305442001670599 0.0022128766868263483 0.0012426715111359954 0.0016456958837807178 0.0009625665843486786 0.0006289731245487928 0.016040565725815553 0.04946463666488587 0.1338757761374562
7.6 0.0013861830811947584 0.0009891788940876722 0.024680922056930045 0.0012106772046536207 0.008283835835754871 0.0012568130623549223 0.0014318421017378569 0.0021932267118245363 0.000565233058296144 0.030823877283964053 0.04232391426247247 0.22722642273480304
16.1 0.0019054850563406944 0.0005730027332901955 58.19860533490384 0.003118921769782901 0.0017346006352454424 0.0008195340051315725 0.0010315522085875273 0.001249594264663756 0.000501717091538012 65.75090593414436 27.563527764260417 78.76951199963382
12.7 0.002378922188654542 0.0011640918673947453 38.37201912789546 0.0051413001492619514 0.0032118866220116615 0.0011113492073491216 0.001848956337198615 0.0011595672694966197 0.0005640068557113409 26.860453405378642 32.456841010948885 92.25661536926529
4.5 0.0004926341935060918 0.0015378334792330861 35.60488528899573 0.00061435392126441 0.002738334471359849 0.0017365972744300961 0.001712375320494175 0.0009926218772307038 0.0007221470586955547 34.28889734879057 25.10156042337997 70.75949654548548
7.6 0.000806738156825304 0.0012682618107646704 35.92955927421375 0.0016661202535033226 0.00598376989364624 0.0007014452130533755 0.0017180995782837272 0.0015319596277549863 0.0005971601931378245 34.02322858325267 23.784447539950435 66.84363277352091
16.1 0.002311169169843197 0.0005338296759873629 58.19814868816141 0.0036604066845029593 0.001823466969653964 0.0008362060762010515 0.0009744997951202095 0.0013805043417960405 0.000493741943500936 65.74932095998516 27.561119463027488 78.77405286975186
12.7 0.0027372518088668585 0.0012516991700977087 38.3723656567558 0.005672348663210869 0.0035489096771925688 0.001019671792164445 0.0019628447480499744 0.001303525292314589 0.000580742082092911 26.859841977736274 32.45692938741352 92.26115661607538
4.5 0.0005108340992592275 0.0014360356144607067 35.603258743201906 0.0005663868505507708 0.0029033117461949587 0.0017807489493861794 0.0016075787134468555 0.0009898316347971559 0.0006927256472408772 34.286841556558485 25.09967851175943 70.76541708309018
7.6 0.0011197490384802222 0.0011789014097303152 35.929000154528666 0.002086590277031064 0.005763502791523933 0.0006752030458301306 0.0016233569476753473 0.0016063959337770939 0.0005567174521274865 34.02158576616828 23.78230530668948 66.85406941512306
16.1 0.0023650513030588627 0.0005348474369384348 58.198342896860034 0.003729580668732524 0.001843103440478444 0.0008426631102338433 0.000978238764218986 0.0013752910308539867 0.0004935754695907235 65.74917174924963 27.560849677690648 78.77560740227284
12.7 0.002782766241580248 0.0012533881235867739 38.372574113842965 0.005744292866438627 0.003577792551368475 0.0010083237430080771 0.0019645951688289642 0.001308400765992701 0.0005806013359688222 26.859815956999668 32.457182812984314 92.26225810308797
4.5 0.0005344938253983855 0.0014497428201138973 35.60339697011387 0.0005655020358972251 0.002929055131971836 0.0017986900638788939 0.0016218037344515324 0.0009938373696058989 0.0006940260645933449 34.286955985918354 25.09970740857132 70.76609137785115
7.6 0.0011814142344519496 0.0011828147107735276 35.929304067805795 0.0021614774595946074 0.005734613630920649 0.0006678477511741221 0.0016285432502627373 0.0016053506406024098 0.0005550378118641675 34.02165825588983 23.782185139628865 66.85682779686108
16.1 0.002366564469411969 0.0005355745670385659 58.19837148430588 0.003730104537680745 0.0018419671105220914 0.0008449791348539293 0.0009805894223973155 0.0013714961241930723 0.0004938154015690088 65.74914468517271 27.56085615894023 78.77579080697438
12.7 0.0027856407687067986 0.001252784626558423 38.372701579903804 0.005750489421188831 0.003574209287762642 0.001006744452752173 0.0019634992349892855 0.0013095256872475147 0.0005803254316560924 26.859794837205044 32.457463061306704 92.26279782521709
4.5 0.0005368797574192286 0.0014526217710226774 35.60344960494763 0.0005651381798088551 0.002930385060608387 0.0018009862396866083 0.001624695840291679 0.0009941923199221492 0.0006940200109966099 34.28700939898964 25.09974140994725 70.7661539372017
7.6 0.0011826737318187952 0.0011840608203783631 35.92938774454524 0.0021641713101416826 0.005738259758800268 0.0006672883755527437 0.001630648854188621 0.0016059837071225047 0.0005539092235267162 34.02173093231056 23.78210814370466 66.85720185122288
16.1 0.0019054850563406944 0.0005730027332901955 0.04840289849795191 0.003118921769782901 0.0017346006352454424 0.0008195340051315725 0.0010315522085875273 0.001249594264663756 0.000501717091538012 0.06879378797402652 0.04825487449744674 0.12459615237008137
12.7 0.002378922188654542 0.0011640918673947453 0.02784917659600673 0.0051413001492619514 0.0032118866220116615 0.0011113492073491216 0.001848956337198615 0.0011595672694966197 0.0005640068557113409 0.02357594020397091 0.05321678755381218 0.12402743484319416
4.5 0.0004926341935060918 0.0015378334792330861 0.017132074721951936 0.00061435392126441 0.002738334471359849 0.0017365972744300961 0.001712375320494175 0.0009926218772307038 0.0007221470586955547 0.01732392370746261 0.04821097721497274 0.11696927118953226
7.6 0.000806738156825304 0.0012682618107646704 0.024255158574041574 0.0016661202535033226 0.00598376989364624 0.0007014452130533755 0.0017180995782837272 0.0015319596277549863 0.0005971601931378245 0.02597530220136335 0.04192017127378449 0.1440468192956655
16.1 0.0019054850563406944 0.0005730027332901955 0.04840273994256195 0.003118921769782901 0.0017346006352454424 0.0008195340051315725 0.0010315522085875273 0.001249594264663756 0.000501717091538012 0.06879340659384944 0.04825482160938818 0.12459663677122526
12.7 0.002378922188654542 0.0011640918673947453 0.02784916147616498 0.0051413001492619514 0.0032118866220116615 0.0011113492073491216 0.001848956337198615 0.0011595672694966197 0.0005640068557113409 0.023575752349976997 0.05321694464802329 0.12402791780757491
4.5 0.0004926341935060918 0.0015378334792330861 0.017132247457310058 0.00061435392126441 0.002738334471359849 0.0017365972744300961 0.001712375320494175 0.0009926218772307038 0.0007221470586955547 0.01732423688585843 0.04821124516551052 0.11697030581538619
7.6 0.000806738156825304 0.0012682618107646704 0.02425537295039862 0.0016661202535033226 0.00598376989364624 0.0007014452130533755 0.0017180995782837272 0.0015319596277549863 0.0005971601931378245 0.02597529826587654 0.041920109622730434 0.14404752461454493
16.1 0.024442428722977638 0.005812566727399826 0.12676053527537604 0.03377339616417885 0.03110327757894993 0.030961498618125916 0.0077748484909534454 0.008434617891907692 0.007139340043067932 0.14558182254721502 0.07502856314481285 0.22671658807765568
12.7 0.023705532774329185 0.0049805110320448875 0.06674173176431913 0.0373578816652298 0.032791122794151306 0.030084531754255295 0.006473294459283352 0.008379554376006126 0.007162096910178661 0.053549430606946585 0.07016937933030068 0.20413180952652113
4.5 0.025865163654088974 0.007560116238892078 0.0788267720548535 0.029042594134807587 0.02187812142074108 0.03278213366866112 0.008574221283197403 0.006620694417506456 0.007351257372647524 0.07578785297753242 0.06796715454439141 0.20211370301894546
7.6 0.02519339881837368 0.006864288821816444 0.08498828128300871 0.03065411001443863 0.025288380682468414 0.03368118405342102 0.008344311267137527 0.007352731190621853 0.007123076822608709 0.0853032037247148 0.06685348102139678 0.2130712577899888
16.1 0.02444249950349331 0.0058130729012191296 0.12677871279016942 0.03377426043152809 0.03110407292842865 0.030958110466599464 0.0077763707377016544 0.008436348289251328 0.007134243845939636 0.14558642789274073 0.0750268563245951 0.22676933868884505
12.7 0.023705534636974335 0.004980100318789482 0.06674945196605037 0.0373588465154171 0.03279205411672592 0.030081147328019142 0.006473904475569725 0.008381286635994911 0.0071570007130503654 0.05354897425026714 0.0701387899117113 0.20416688868296207
4.5 0.02586546167731285 0.0075614433735609055 0.07882632977000348 0.02904317155480385 0.021878253668546677 0.03277874365448952 0.008575745858252048 0.0066222227178514 0.007346161175519228 0.07578675705381784 0.06796619445801877 0.20213691328786879
7.6 0.02519361674785614 0.006864897441118956 0.084978929941037 0.03065483272075653 0.025288715958595276 0.03367780148983002 0.00834573619067669 0.007353953085839748 0.0071179806254804134 0.08527037919554026 0.06684580033041691 0.21315987881678694
16.1 0.0029144149739295244 0.0009359210962429643 0.05180900500682725 0.004938515834510326 0.0029843621887266636 0.000978554948233068 0.0017431337619200349 0.0006399522535502911 0.0005443331319838762 0.07583098620594342 0.05252195171080586 0.11500220089827977
12.7 0.002772312145680189 0.0013054157607257366 0.02799082734019457 0.005866045132279396 0.004977569915354252 0.0018753149779513478 0.001992084551602602 0.000789860263466835 0.0009474520338699222 0.024649763768995712 0.05092399462010036 0.12511145990313552
4.5 0.0011049425229430199 0.0012424788437783718 0.0159003338732316 0.0009783301502466202 0.0029623983427882195 0.0018744169501587749 0.0013709509512409568 0.0011246574576944113 0.0007299061981029809 0.016012854511895398 0.052084899058806935 0.11807400086436559
7.6 0.0011895232601091266 0.0005864734412170947 0.03149947175876406 0.0021537975408136845 0.0044203405268490314 0.0047491989098489285 0.0010586081771180034 0.0014593261294066906 0.0009434717358089983 0.025996426272162053 0.0421713672055138 0.18842518316836318
16.1 0.0029144149739295244 0.0009359210962429643 0.05180808690850628 0.004938515834510326 0.0029843621887266636 0.000978554948233068 0.0017431337619200349 0.0006399522535502911 0.0005443331319838762 0.07582932635504668 0.05252187336716952 0.11500273316241967
12.7 0.002772312145680189 0.0013054157607257366 0.027991057944923937 0.005866045132279396 0.004977569915354252 0.0018753149779513478 0.001992084551602602 0.000789860263466835 0.0009474520338699222 0.02464986377160302 0.05092436738801049 0.1251130189442463
4.5 0.0011049425229430199 0.0012424788437783718 0.015900170297905872 0.0009783301502466202 0.0029623983427882195 0.0018744169501587749 0.0013709509512409568 0.0011246574576944113 0.0007299061981029809 0.016012737038940593 0.052084899568292806 0.11807441397056684
7.6 0.0011895232601091266 0.0005864734412170947 0.03150006121633558 0.0021537975408136845 0.0044203405268490314 0.0047491989098489285 0.0010586081771180034 0.0014593261294066906 0.0009434717358089983 0.025996678116282767 0.04217146057674757 0.18842699361319076
16.1 0.002894194098189473 0.0009792150231078267 0.0517044924540878 0.004919844679534435 0.0030191135592758656 0.0010084427194669843 0.0017895865021273494 0.0006524041527882218 0.0005132029764354229 0.07624207387392275 0.05279160635188723 0.11466730326664223
12.7 0.0028388588689267635 0.001231496804393828 0.028076883894410664 0.0059978230856359005 0.005109655205160379 0.0019139081705361605 0.0019145375117659569 0.000749452505260706 0.00088866101577878 0.02440856491898911 0.05075855553744797 0.12512052912899482
4.5 0.0009217765182256699 0.0012523257173597813 0.015843789627495334 0.0007975478656589985 0.002833239734172821 0.0017479792004451156 0.0013744086027145386 0.0011314927833154798 0.0007600119570270181 0.01589700409574064 0.05238890938381644 0.11825807860787597
7.6 0.0011775374878197908 0.0006443312740884721 0.03103411594559625 0.002131950343027711 0.00444914773106575 0.004795648157596588 0.0011364711681380868 0.0014391043223440647 0.0008835563203319907 0.025765869906410784 0.042128107992730736 0.18603176003038288
16.1 0.00288398121483624 0.0009833831572905183 0.05178456275514194 0.004899088758975267 0.003023857483640313 0.0010057945037260652 0.001794082229025662 0.0006547929369844496 0.0005102875293232501 0.07640290065823523 0.05279507832480026 0.11468055423772004
12.7 0.0028201004024595022 0.0012258848873898387 0.028116609737852488 0.005979431793093681 0.0050844415090978146 0.0019295078236609697 0.0019052926218137145 0.000745191820897162 0.0008894245256669819 0.02433638415557265 0.05067604082656086 0.12524722025884874
4.5 0.0008777201874181628 0.0012460012221708894 0.015843271984941055 0.0007476636674255133 0.0028260794933885336 0.0017553768120706081 0.0013664396246895194 0.0011332901194691658 0.0007659029215574265 0.01588812076198272 0.052449615013547675 0.11814417892270608
7.6 0.001174567500129342 0.0006500023882836103 0.030937274409529102 0.0020882603712379932 0.004471609368920326 0.004778736736625433 0.001143809873610735 0.0014408945571631193 0.0008744692313484848 0.025715430011811504 0.042091943660576135 0.185398378348359
16.1 0.0029144149739295244 0.0009359210962429643 0.05180808690850628 0.004938515834510326 0.0029843621887266636 0.000978554948233068 0.0017431337619200349 0.0006399522535502911 0.0005443331319838762 0.07582932635504668 0.05252187336716952 0.11500273316241967
12.7 0.002772312145680189 0.0013054157607257366 0.027991057944923937 0.005866045132279396 0.004977569915354252 0.0018753149779513478 0.001992084551602602 0.000789860263466835 0.0009474520338699222 0.02464986377160302 0.05092436738801049 0.1251130189442463
4.5 0.0011049425229430199 0.0012424788437783718 0.015900170297905872 0.0009783301502466202 0.0029623983427882195 0.0018744169501587749 0.0013709509512409568 0.0011246574576944113 0.0007299061981029809 0.016012737038940593 0.052084899568292806 0.11807441397056684
7.6 0.0011895232601091266 0.0005864734412170947 0.03150006121633558 0.0021537975408136845 0.0044203405268490314 0.0047491989098489285 0.0010586081771180034 0.0014593261294066906 0.0009434717358089983 0.025996678116282767 0.04217146057674757 0.18842699361319076
16.1 0.0029144149739295244 0.0009359210962429643 0.05180900500682725 0.004938515834510326 0.0029843621887266636 0.000978554948233068 0.0017431337619200349 0.0006399522535502911 0.0005443331319838762 0.07583098620594342 0.05252195171080586 0.11500220089827977
12.7 0.002772312145680189 0.0013054157607257366 0.02799082734019457 0.005866045132279396 0.004977569915354252 0.0018753149779513478 0.001992084551602602 0.000789860263466835 0.0009474520338699222 0.024649763768995712 0.05092399462010036 0.12511145990313552
4.5 0.0011049425229430199 0.0012424788437783718 0.0159003338732316 0.0009783301502466202 0.0029623983427882195 0.0018744169501587749 0.0013709509512409568 0.0011246574576944113 0.0007299061981029809 0.016012854511895398 0.052084899058806935 0.11807400086436559
7.6 0.0011895232601091266 0.0005864734412170947 0.03149947175876406 0.0021537975408136845 0.0044203405268490314 0.0047491989098489285 0.0010586081771180034 0.0014593261294066906 0.0009434717358089983 0.025996426272162053 0.0421713672055138 0.18842518316836318
16.1 0.0029144149739295244 0.0009359210962429643 0.05180808690850628 0.004938515834510326 0.0029843621887266636 0.000978554948233068 0.0017431337619200349 0.0006399522535502911 0.0005443331319838762 0.07582932635504668 0.05252187336716952 0.11500273316241967
12.7 0.002772312145680189 0.0013054157607257366 0.027991057944923937 0.005866045132279396 0.004977569915354252 0.0018753149779513478 0.001992084551602602 0.000789860263466835 0.0009474520338699222 0.02464986377160302 0.05092436738801049 0.1251130189442463
4.5 0.0011049425229430199 0.0012424788437783718 0.015900170297905872 0.0009783301502466202 0.0029623983427882195 0.0018744169501587749 0.0013709509512409568 0.0011246574576944113 0.0007299061981029809 0.016012737038940593 0.052084899568292806 0.11807441397056684
7.6 0.0011895232601091266 0.0005864734412170947 0.03150006121633558 0.0021537975408136845 0.0044203405268490314 0.0047491989098489285 0.0010586081771180034 0.0014593261294066906 0.0009434717358089983 0.025996678116282767 0.04217146057674757 0.18842699361319076
